1 0.18671875 0.190625 0.14765625 0.209375
1 0.06328125 0.2125 0.1265625 0.240625
1 0.1859375 0.409375 0.1796875 0.234375
1 0.2984375 0.6609375 0.16953125 0.2359375
1 0.4578125 0.87890625 0.159375 0.2421875
1 0.42578125 0.77265625 0.1421875 0.209375
1 0.57109375 0.83515625 0.17109375 0.21328125
1 0.73203125 0.8796875 0.1765625 0.240625
1 0.8890625 0.68203125 0.1828125 0.225
1 0.7328125 0.534375 0.1515625 0.23046875
1 0.8640625 0.49921875 0.12890625 0.1640625
1 0.59609375 0.47109375 0.15703125 0.20625
1 0.51328125 0.63828125 0.16640625 0.22734375
1 0.43203125 0.50546875 0.1453125 0.2125
1 0.3578125 0.4015625 0.13359375 0.15625
1 0.28359375 0.26953125 0.1171875 0.215625
1 0.30625 0.08125 0.06484375 0.09453125
1 0.35 0.09921875 0.090625 0.11640625
1 0.59453125 0.1109375 0.13515625 0.14921875
1 0.29609375 0.1515625 0.090625 0.08671875
1 0.18125 0.08359375 0.12109375 0.08203125
2 0.45703125 0.35 0.18203125 0.1296875
2 0.8515625 0.35859375 0.128125 0.11640625
2 0.94609375 0.54921875 0.1078125 0.23203125
2 0.9734375 0.37109375 0.053125 0.11328125
2 0.975 0.278125 0.05 0.09296875
2 0.50859375 0.2546875 0.08359375 0.109375
2 0.39296875 0.16875 0.0828125 0.12109375
2 0.48984375 0.14921875 0.1328125 0.11875
2 0.590625 0.290625 0.07890625 0.1375
2 0.73515625 0.36796875 0.0734375 0.0984375
2 0.421875 0.05546875 0.12421875 0.11015625
2 0.096875 0.0625 0.0921875 0.125
2 0.2765625 0.93515625 0.13515625 0.1296875
2 0.915625 0.9453125 0.07421875 0.1046875
2 0.96640625 0.8984375 0.0671875 0.1375
2 0.8609375 0.26171875 0.09609375 0.1015625
2 0.55625 0.05703125 0.1 0.11328125
2 0.68359375 0.0234375 0.08515625 0.04609375
2 0.72109375 0.08671875 0.09140625 0.12734375
2 0.75859375 0.0265625 0.05234375 0.053125
2 0.7078125 0.225 0.078125 0.171875
2 0.2671875 0.78828125 0.13046875 0.15