0 0.6983002734375 0.181894059375 0.7334458796875001 0.21830110937499997 0.7649558734374999 0.2292231578125 0.8194922734375 0.19281611406250002 0.8219160765625 0.12728349218749999 0.7891942734375 0.07267292343750001 0.7649558734374999 0.07267292343750001 0.7431412765625 0.07449321249999999 0.705571684375 0.083594978125 0.6886048765624999 0.12910378125 0.6983002734375 0.181894059375
1 0.30859375 0.47578125 0.253125 0.340625
0 0.28382358124999996 0.49863527812499997 0.31533348437500003 0.5241202406250001 0.360174578125 0.5241202406250001 0.37592948437499996 0.47679103749999996 0.366234178125 0.3803123828125 0.32624078125 0.33844429531250003 0.285035484375 0.3493663828125 0.2680685859375 0.40579734375000004 0.28382358124999996 0.49863527812499997
1 0.46171875 0.84765625 0.23125 0.2734375
0 0.39532018125 0.866346525 0.42561818125000006 0.9045738906249999 0.475306978125 0.89911278125 0.526207578125 0.85178365 0.5310552765625001 0.793532503125 0.47757573124999997 0.7336065578125 0.43167778125 0.72982016875 0.402591778125 0.7607660328125 0.3795652796875 0.8190172515624999 0.39532018125 0.866346525
1 0.5421875 0.47890625 0.23515625 0.315625
1 0.2296875 0.784375 0.25078125 0.32421875
1 0.06953125 0.7203125 0.13828125 0.3140625
1 0.06953125 0.3484375 0.13828125 0.33671875
1 0.34765625 0.28359375 0.23671875 0.24375
1 0.57109375 0.2078125 0.2203125 0.309375
1 0.73203125 0.3734375 0.21171875 0.3265625
1 0.61875 0.753125 0.24375 0.325
1 0.83671875 0.68359375 0.2421875 0.3875
1 0.92890625 0.76796875 0.1421875 0.35546875