2 0.8013134734375 0.3930548640625 0.8861478734375 0.3803123828125 0.9103862734374999 0.3493663828125 0.8825120765625 0.2911151640625 0.8485782765625001 0.2346842015625 0.7964656796875 0.200097584375 0.7576842796875 0.19281611406250002 0.6946644765625 0.2292231578125 0.6922406734375001 0.2783726828125 0.6728498796875 0.3238814921875 0.7273862796875 0.3584681421875 0.8013134734375 0.3930548640625
2 0.85948566875 0.9100348640625 0.8740286734374999 0.85178365 0.8788762765625 0.7898916453125 0.8667570765624999 0.7279997109375 0.8303994796874999 0.6952333109375 0.8001014796874999 0.757125453125 0.8001014796874999 0.8372207765624999 0.8522140765625 0.9209570875 0.85948566875 0.9100348640625
2 0.9273530765625001 0.7826102781250001 0.9115980796875001 0.7443828359375 0.9091742765624999 0.6952333109375 0.8982670734375 0.6406227437500001 0.8609090625 0.64480874375 0.8413068687499999 0.7061554640625001 0.8413068687499999 0.7607660328125 0.9309888734375 0.8117359562500001 0.9273530765625001 0.7826102781250001
2 1 0.626059940625 0.9709822734375001 0.589652896875 0.9275757312499999 0.590163934375 0.9212934765625 0.6460838578125 0.9273530765625001 0.72982016875 0.9770418734374999 0.76622721875 1 0.7625863609375 1 0.626059940625
2 0.8546378765625 0.427641584375 0.8316114734375001 0.47315038749999994 0.82312806875 0.516838803125 0.8510020796875001 0.551425525 0.8934192796874999 0.5750902296875 0.9215151234375 0.5810564703125001 0.9152338765625 0.505916715625 0.8885716765625 0.4403839953125 0.8546378765625 0.427641584375
2 0.70193606875 0.6187785734375 0.711631284375 0.6806705078124999 0.7455650796875 0.7116166500000001 0.8097968765625 0.7061554640625001 0.8255518734375 0.6770297875 0.7879822796875 0.6078564156249999 0.7395054796875 0.571449371875 0.70193606875 0.6187785734375
2 0.7794988765624999 0.5332220000000001 0.7443532687500001 0.589652896875 0.7782868796875 0.6023955140624999 0.8097968765625 0.6533652234375 0.8639393671875 0.633424409375 0.8558498734375 0.5914732890625001 0.82312806875 0.5568867046875 0.7794988765624999 0.5332220000000001
0 0.541962575 0.7425625140625 0.5722605749999999 0.7644067546875 0.6061942796875 0.775328978125 0.629220778125 0.7534845953125 0.6260605781249999 0.6994535515625 0.602558575 0.6588262671875 0.5734724765625 0.6661078421875 0.5480221750000001 0.6970537046875 0.541962575 0.7425625140625
0 0.22686337812500001 0.4349229515625 0.200201084375 0.4658689515625 0.182022284375 0.51319808125 0.2074725859375 0.5477849453125 0.254737484375 0.5496052015624999 0.275340178125 0.51319808125 0.28988318125 0.48225215312499997 0.2765520796875 0.45130614687500004 0.22686337812500001 0.4349229515625
1 0.291095084375 0.6897722671875 0.35896258593749997 0.7043350703125 0.4159228796875 0.6642873765624999 0.4365254796875 0.595113934375 0.41713478125 0.49681495625 0.34727269843749997 0.471766853125 0.29715468437500003 0.502276 0.2826116796875 0.54596448125 0.27291628437500004 0.631520984375 0.291095084375 0.6897722671875
1 0.6364922796875 0.5914732890625001 0.681333284375 0.6042156999999999 0.7334458796875001 0.589652896875 0.75647246875 0.5405034375 0.7770750734375 0.48953351874999995 0.7782868796875 0.41489910312499995 0.747988884375 0.3712106234375 0.7007240765625 0.3366239734375 0.65345926875 0.3257018140625 0.60740618125 0.38941414218750003 0.5940750796875001 0.4440247109375 0.5940750796875001 0.49499456249999996 0.6158896765625 0.553245846875 0.6364922796875 0.5914732890625001
1 0.35653878125 0.1982771578125 0.32745268437499997 0.18007363437499999 0.293518978125 0.181894059375 0.260797084375 0.20919934375000002 0.24019447968750002 0.2510673984375 0.22322758125000003 0.3184204484375 0.23534678125 0.3803123828125 0.269280578125 0.4403839953125 0.311697778125 0.43674334375 0.360174578125 0.40579734375000004 0.37714138125 0.3475460546875 0.381989084375 0.3002169234375 0.3735056796875 0.24196563906250002 0.35653878125 0.1982771578125
1 0.0862805859375 0.1964567984375 0.045075381250000005 0.21283999531250003 0.000234284375 0.258348765625 0.000234284375 0.37303101562499996 0.028108484375 0.45130614687500004 0.07779718125 0.45130614687500004 0.12990977812499999 0.44584510312500003 0.1553600796875 0.40579734375000004 0.18686998125 0.3621088578125 0.1881817890625 0.3123861578125 0.16384348437500001 0.2219417546875 0.1408169859375 0.181894059375 0.0862805859375 0.1964567984375
1 0.5455982796875001 0.1855347109375 0.5771081812500001 0.1582294265625 0.566200975 0.10725954062500001 0.5601413749999999 0.0453676390625 0.5189360765625 0.0217030046875 0.46924737812500006 0.034445453125 0.44379698125000006 0.0581100546875 0.4183466796875 0.0999782078125 0.4098632796875 0.143666590625 0.40865137812499996 0.1946364703125 0.41955858125 0.2365045953125 0.43167778125 0.2565284421875 0.45591618125 0.28019301093750004 0.51045258125 0.2674505296875 0.54075058125 0.2365045953125 0.5455982796875001 0.1855347109375
1 0.55892938125 0.3311628578125 0.5819558796875001 0.3475460546875 0.6001346796875 0.3693902953125 0.63164458125 0.3748513390625 0.6680022734375 0.37303101562499996 0.68375726875 0.34572573281249996 0.6946644765625 0.3129593328125 0.699512084375 0.28201340468749997 0.7007240765625 0.2510673984375 0.6983002734375 0.216480678125 0.68981686875 0.1855347109375 0.6728498796875 0.1545887765625 0.657094884375 0.13092414218749998 0.6437638734375 0.1145409453125 0.6098300765625 0.1127206234375 0.5940750796875001 0.11636130625 0.578320175 0.1400259078125 0.5601413749999999 0.14730730625 0.5480221750000001 0.156409065625 0.532267178125 0.18371435 0.526207578125 0.23832491875 0.5334790796875 0.27291163906250004 0.5455982796875001 0.3074982890625 0.55892938125 0.3311628578125
1 0.43531358124999997 0.35118677656249997 0.42077057812499996 0.4021566234375 0.42198247968749997 0.43674334375 0.4365254796875 0.47861143124999994 0.4547042796875 0.5095574375 0.465611578125 0.522299846875 0.47894267968750004 0.5386831859375001 0.5092406796875 0.553245846875 0.5359029750000001 0.5696290484375 0.5637770796875 0.551425525 0.590439375 0.53140160625 0.60134658125 0.504096321875 0.611041978125 0.46222823437500005 0.6158896765625 0.41489910312499995 0.614677775 0.3766716671875 0.596498975 0.3402646171875 0.56696966875 0.3078324265625 0.5552936765625 0.30931868906250004 0.523783775 0.2911151640625 0.4547042796875 0.3074982890625 0.43531358124999997 0.35118677656249997
1 0.8691808796875 0.1764329515625 0.8703928765625 0.1145409453125 0.8328232796874999 0.05993040937500001 0.7940418796875 0.0453676390625 0.760108084375 0.050828649999999996 0.73223406875 0.0854153390625 0.7092074796875 0.11636130625 0.7067836765625 0.14730730625 0.7067836765625 0.1982771578125 0.726060578125 0.21448087500000002 0.7722272796875 0.21466031718749998 0.8400948765624999 0.2510673984375 0.8582736765625001 0.23104348125000002 0.8691808796875 0.1764329515625
1 1 0.258348765625 0.9709822734375001 0.22376208125 0.9394722765625 0.22376208125 0.9140220687499999 0.2292231578125 0.8909954765625001 0.24560635468749997 0.8730302765625 0.2896174859375 0.90190286875 0.34572573281249996 0.85948566875 0.3621088578125 0.8485782765625001 0.42036014687499995 0.8703928765625 0.45676719062500004 0.90190286875 0.49863527812499997 0.9176576796875 0.5386831859375001 0.9540152796875001 0.5423237656250001 0.9831014734375 0.5405034375 1 0.48589280312499994 1 0.258348765625