1 0.628125 0.384375 0.41953125 0.49453125
0 0.5140883781250001 0.3548274921875 0.523783775 0.4713299953125 0.554081775 0.487713196875 0.6255849812500001 0.45858751875000003 0.687392884375 0.42218047031249994 0.7346578734375 0.37303101562499996 0.747988884375 0.3056779671875 0.7334458796875001 0.26927092343750003 0.6619426734375 0.2346842015625 0.580743978125 0.22740286875 0.526207578125 0.26927092343750003 0.5140883781250001 0.3548274921875
1 0.35703125 0.771875 0.4671875 0.45625
1 0.7578125 0.7671875 0.353125 0.465625
1 0.9140625 0.9125 0.171875 0.175
1 0.56015625 0.93984375 0.3125 0.1203125
1 0.17109375 0.934375 0.3421875 0.13125
1 0.06171875 0.82265625 0.1234375 0.34453125
1 0.14296875 0.58125 0.2859375 0.378125
1 0.8734375 0.525 0.253125 0.315625
1 0.79453125 0.22578125 0.29453125 0.34140625
1 0.39296875 0.34140625 0.34375 0.43125
1 0.13828125 0.265625 0.2765625 0.39765625