2 0.5375 0.2375 0.059375 0.1328125
1 0.59140625 0.215625 0.05859375 0.0890625
1 0.678125 0.1015625 0.059375 0.10625
1 0.73515625 0.1015625 0.0640625 0.0984375
1 0.728125 0.36484375 0.0734375 0.09609375
1 0.61484375 0.25859375 0.06015625 0.09375
1 0.69375 0.22890625 0.06796875 0.071875
1 0.8078125 0.27734375 0.0625 0.08515625
2 0.2265625 0.70625 0.04375 0.14140625
1 0.28203125 0.64140625 0.05703125 0.0890625
2 0.22890625 0.6078125 0.06875 0.0578125
1 0.28828125 0.55859375 0.0546875 0.08359375
1 0.353125 0.4875 0.06328125 0.09140625
1 0.40703125 0.45546875 0.07109375 0.09453125
1 0.29453125 0.73203125 0.04609375 0.0875
1 0.3171875 0.6328125 0.05703125 0.09296875
1 0.3359375 0.56484375 0.05078125 0.06796875
1 0.36484375 0.7 0.04921875 0.07421875
1 0.39296875 0.640625 0.06328125 0.0625
1 0.378125 0.56953125 0.04921875 0.0765625
1 0.3171875 0.8109375 0.046875 0.08203125
1 0.3265625 0.73046875 0.046875 0.0921875
1 0.54140625 0.64375 0.0671875 0.0984375
1 0.2875 0.96171875 0.0578125 0.0765625
1 0.346875 0.96015625 0.06015625 0.0796875
1 0.39296875 0.96328125 0.0671875 0.07265625
1 0.42890625 0.95078125 0.0578125 0.0984375
1 0.29375 0.884375 0.065625 0.0875
1 0.4125 0.5734375 0.06015625 0.07578125
1 0.428125 0.49453125 0.06796875 0.08125
1 0.01484375 0.55 0.02890625 0.08046875
1 0.01484375 0.4921875 0.02890625 0.0765625
2 0.053125 0.90390625 0.10625 0.1921875
1 0.0203125 0.775 0.040625 0.075
1 0.5625 0.73515625 0.0578125 0.08046875
1 0.34921875 0.759375 0.053125 0.0625
1 0.5421875 0.36171875 0.0625 0.0890625
1 0.45234375 0.3296875 0.04375 0.071875
2 0.596875 0.5984375 0.06640625 0.19375
1 0.56953125 0.47265625 0.0375 0.05625
2 0.58515625 0.0546875 0.07265625 0.109375
2 0.85859375 0.39140625 0.10546875 0.1671875
2 0.6859375 0.54765625 0.07734375 0.17890625
2 0.5984375 0.85078125 0.0875 0.20234375
2 0.4671875 0.77578125 0.07890625 0.15234375
2 0.06484375 0.69921875 0.08125 0.12265625
2 0.09296875 0.6015625 0.06953125 0.13671875
2 0.05234375 0.47421875 0.0796875 0.08203125
2 0.03515625 0.4234375 0.0703125 0.0671875
2 0.490625 0.1390625 0.075 0.11875
2 0.4875 0.05234375 0.0625 0.1046875
2 0.47890625 0.2625 0.0671875 0.13203125
2 0.753125 0.6 0.06953125 0.16484375
2 0.7953125 0.5296875 0.06015625 0.17109375
2 0.75078125 0.45 0.0703125 0.115625
2 0.92578125 0.5234375 0.06640625 0.16171875
2 0.97109375 0.228125 0.05703125 0.1328125
2 0.96328125 0.15078125 0.0734375 0.1203125
2 0.7828125 0.15234375 0.05625 0.15390625
2 0.840625 0.109375 0.078125 0.10859375
2 0.9171875 0.0890625 0.0703125 0.12734375
2 0.1625 0.6875 0.08203125 0.13984375
2 0.11875 0.9203125 0.0640625 0.13203125
2 0.171875 0.87734375 0.04921875 0.1375
2 0.209375 0.8953125 0.04921875 0.14140625
2 0.51328125 0.9359375 0.12265625 0.12734375
2 0.68046875 0.890625 0.09921875 0.21875
2 0.634375 0.73671875 0.06796875 0.11015625
2 0.02421875 0.3484375 0.0484375 0.1